_percent: 0.1 -- merge_percent: 0.1 -- pontos: 150.0--Rate_tp: 1.0 rsi 14 70 30 win1 5 meses
_h  qtd_operacoes  taxa_acerto
 9             43     0.511628
10             45     0.466667
11             29     0.689655
12             23     0.521739
13             32     0.531250
14             24     0.708333
15             25     0.600000
16             18     0.777778
17             24     0.666667
18              7     0.857143


_percent: 0.1 -- merge_percent: 0.1 -- pontos: 250.0--Rate_tp: 1.0
_h  qtd_operacoes  taxa_acerto
 9             41     0.512195
10             45     0.488889
11             29     0.620690
12             23     0.434783
13             31     0.387097
14             23     0.652174
15             25     0.680000
16             17     0.705882
17             24     0.541667
18              7     1.000000

_percent: 0.3 -- merge_percent: 0.2 -- pontos: 250.0--Rate_tp: 1.0
_h  qtd_operacoes  taxa_acerto
 9             44     0.613636
10             48     0.500000
11             20     0.650000
12             24     0.375000
13             20     0.400000
14             17     0.529412
15             22     0.545455
16             14     0.642857
17             19     0.526316
18              5     1.000000

_percent: 0.1 -- merge_percent: 0.2 -- pontos: 300.0--Rate_tp: 2.0
_h  qtd_operacoes  taxa_acerto
 9             48     0.520833
10             49     0.306122
11             24     0.500000
12             21     0.190476
13             30     0.300000
14             22     0.272727
15             21     0.476190
16             16     0.562500
17             23     0.260870
18              4     0.500000

---------------------------------------------------
_percent: 0.1 -- merge_percent: 0.2 -- pontos: 250.0--Rate_tp: 1.0 rs 9 80 20
_h  qtd_operacoes  taxa_acerto
 9             48     0.604167
10             51     0.490196
11             24     0.750000
12             21     0.333333
13             30     0.400000
14             24     0.625000
15             21     0.571429
16             19     0.684211
17             26     0.500000
18              4     0.750000

_percent: 0.1 -- merge_percent: 0.1 -- pontos: 300.0--Rate_tp: 2.0
_h  qtd_operacoes  taxa_acerto
 9             39     0.487179
10             45     0.266667
11             29     0.482759
12             21     0.285714
13             29     0.344828
14             23     0.260870
15             23     0.521739
16             15     0.533333
17             21     0.333333
18              6     0.666667


_percent: 0.1 -- merge_percent: 0.2 -- pontos: 300.0--Rate_tp: 2.0
_h  qtd_operacoes  taxa_acerto
 9             48     0.520833
10             49     0.306122
11             24     0.500000
12             21     0.190476
13             30     0.300000
14             22     0.272727
15             21     0.476190
16             16     0.562500
17             23     0.260870
18              4     0.500000

------------------------------------------------------
_percent: 0.1 -- merge_percent: 0.1 -- pontos: 150.0--Rate_tp: 1.0 rsi 9 7525
_h  qtd_operacoes  taxa_acerto
 9             49     0.530612
10             54     0.407407
11             30     0.700000
12             28     0.464286
13             36     0.500000
14             25     0.720000
15             27     0.555556
16             27     0.629630
17             22     0.636364
18              6     0.833333
_percent: 0.1 -- merge_percent: 0.1 -- pontos: 250.0--Rate_tp: 1.0
_h  qtd_operacoes  taxa_acerto
 9             48     0.500000
10             54     0.462963
11             30     0.666667
12             28     0.428571
13             35     0.371429
14             23     0.695652
15             27     0.629630
16             25     0.600000
17             22     0.545455
18              6     1.000000

_percent: 0.1 -- merge_percent: 0.1 -- pontos: 300.0--Rate_tp: 2.0
_h  qtd_operacoes  taxa_acerto
 9             45     0.444444
10             52     0.269231
11             30     0.500000
12             26     0.307692
13             30     0.333333
14             22     0.363636
15             24     0.541667
16             20     0.500000
17             18     0.444444
18              5     0.600000

------------------------------------------------------

_percent: 0.3 -- merge_percent: 0.2 -- pontos: 250.0--Rate_tp: 1.0 rsi 9 70 30
_h  qtd_operacoes  taxa_acerto
 9             71     0.549296
10             92     0.445652
11             52     0.692308
12             50     0.480000
13             41     0.414634
14             34     0.529412
15             35     0.514286
16             30     0.600000
17             34     0.647059
18              8     1.000000

_percent: 0.3 -- merge_percent: 0.2 -- pontos: 300.0--Rate_tp: 1.0
_h  qtd_operacoes  taxa_acerto
 9             69     0.550725
10             89     0.460674
11             52     0.653846
12             48     0.458333
13             38     0.447368
14             32     0.468750
15             34     0.470588
16             29     0.586207
17             34     0.676471
18              7     1.000000